%YAML:1.0
calibration_time: "Tue Dec  1 13:54:25 2015"
image_width: 1600
image_height: 1200
flags: 0
camera_matrix: !!opencv-matrix
   rows: 3
   cols: 3
   dt: d
   data: [ 1.3132239143651245e+03, 0., 7.5161004577051494e+02, 0.,
       1.3256652525042164e+03, 5.9691301159178170e+02, 0., 0., 1. ]
distortion_coefficients: !!opencv-matrix
   rows: 1
   cols: 5
   dt: d
   data: [ 2.2780569240453655e-01, -9.6198829567576571e-01,
       4.9409733961319532e-03, -1.0057338359830205e-02,
       5.2631034235615914e-01 ]
avg_reprojection_error: 5.2817103535011156e-01
